444 
1
2
555 
555 
5
444 
444 
444 
9
111 
666 
666 
222 
444 
555 
333 
111 
18
333 
666 
21
222 
111 
24
25
222 
555 
333 
111 
333 
111 
444 
555 
555 
444 
666 
37
444 
333 
222 
444 
42
43
44
111 
555 
47
48
111 
111 
555 
555 
53
54
55
444 
57
58
333 
111 
555 
111 
63
64
555 
222 
666 
68
555 
555 
71
72
73
74
75
76
77
222 
79
80
222 
82
83
555 
85
86
87
555 
666 
111 
333 
333 
93
333 
111 
96
111 
98
99
100
101
555 
333 
222 
105
666 
107
108
109
666 
111
112
113
666 
115
222 
444 
118
222 
120
444 
122
222 
666 
111 
333 
666 
128
555 
130
131
333 
111 
134
135
555 
666 
555 
111 
140
141
222 
111 
144
145
146
222 
444 
555 
222 
222 
152
555 
333 
155
156
157
666 
666 
666 
555 
222 
666 
333 
165
444 
444 
333 
169
170
444 
172
173
111 
175
222 
444 
555 
179
180
444 
333 
183
333 
333 
111 
333 
444 
333 
190
555 
333 
193
222 
195
196
197
198
199
200
111 
202
111 
444 
222 
555 
207
444 
555 
444 
211
111 
213
666 
222 
333 
217
218
219
555 
221
555 
555 
224
225
555 
227
222 
222 
230
231
666 
222 
234
235
111 
237
111 
239
666 
241
242
243
244
666 
246
247
248
249
250
666 
252
444 
254
255
256
333 
555 
666 
260
261
555 
555 
264
444 
266
333 
444 
269
666 
271
666 
333 
274
222 
666 
277
111 
444 
280
281
333 
283
222 
333 
286
222 
555 
289
333 
555 
111 
293
294
333 
296
666 
298
299
444 
301
302
333 
304
305
306
307
666 
555 
222 
444 
111 
313
111 
333 
316
666 
318
666 
111 
444 
444 
333 
222 
444 
326
555 
328
333 
222 
331
332
222 
334
335
336
111 
338
339
111 
555 
342
343
344
345
346
222 
333 
349
333 
444 
555 
353
555 
666 
356
357
358
359
360
361
333 
444 
364
222 
366
222 
555 
333 
370
444 
333 
373
666 
375
333 
377
555 
379
333 
444 
111 
383
384
385
386
387
111 
389
390
391
392
444 
394
444 
555 
555 
398
222 
400
333 
402
403
404
222 
406
444 
408
333 
410
411
412
413
414
111 
416
417
333 
419
111 
421
422
423
424
425
426
427
428
429
666 
431
432
433
333 
435
111 
437
438
439
111 
222 
222 
555 
222 
444 
222 
447
666 
449
450
666 
444 
453
555 
666 
456
222 
458
111 
666 
444 
666 
463
464
465
466
555 
444 
333 
470
471
222 
473
474
444 
111 
555 
478
479
222 
333 
482
666 
444 
485
444 
487
488
489
555 
491
444 
666 
222 
555 
111 
666 
498
499
500
501
502
666 
504
505
506
507
444 
509
222 
511
512
666 
222 
666 
516
517
222 
519
520
521
522
523
524
525
222 
444 
555 
111 
666 
531
444 
533
534
222 
555 
537
555 
539
540
541
542
543
544
666 
333 
547
548
555 
550
551
552
553
333 
666 
556
111 
558
333 
560
561
562
563
111 
666 
566
567
568
333 
333 
444 
572
222 
574
575
576
222 
578
666 
580
581
444 
583
444 
666 
586
111 
588
666 
590
591
444 
555 
594
555 
666 
597
598
444 
600
601
444 
444 
555 
555 
333 
607
222 
609
610
611
666 
444 
614
615
616
444 
618
222 
666 
333 
333 
333 
624
625
626
111 
222 
629
666 
631
632
633
555 
635
636
637
444 
639
555 
555 
666 
666 
644
111 
555 
444 
111 
555 
222 
651
652
111 
654
333 
656
657
658
222 
666 
661
662
333 
333 
665
666
667
666 
555 
666 
333 
672
222 
674
675
676
333 
222 
555 
333 
681
666 
683
684
685
686
687
688
689
690
691
692
444 
666 
666 
555 
666 
222 
699
700
701
702
111 
444 
705
222 
707
708
709
710
711
712
713
714
555 
555 
333 
666 
222 
720
721
444 
723
724
725
222 
444 
728
222 
730
444 
732
333 
734
735
736
737
738
111 
740
555 
222 
743
744
745
333 
111 
111 
555 
333 
751
752
666 
666 
222 
222 
757
333 
759
760
761
666 
763
333 
333 
222 
222 
768
222 
770
771
111 
666 
555 
775
111 
777
778
779
780
781
782
666 
784
666 
786
333 
333 
789
790
791
333 
793
794
795
444 
797
555 
444 
800
444 
444 
555 
804
805
111 
807
808
809
666 
811
222 
555 
333 
815
816
111 
444 
444 
820
821
822
222 
824
333 
826
111 
828
111 
111 
666 
555 
111 
834
111 
836
837
838
222 
666 
841
555 
666 
844
222 
666 
333 
848
222 
111 
851
222 
555 
854
333 
856
444 
858
859
555 
861
222 
666 
666 
865
866
867
555 
333 
444 
871
555 
666 
222 
222 
876
877
222 
444 
444 
333 
882
883
222 
885
886
887
666 
889
890
333 
666 
893
894
895
666 
897
333 
111 
222 
111 
902
903
333 
111 
906
111 
444 
909
910
911
912
666 
914
915
916
222 
918
444 
222 
555 
666 
923
555 
925
926
927
111 
929
930
333 
932
444 
934
935
111 
937
222 
939
940
555 
555 
943
944
222 
111 
111 
948
949
950
666 
222 
333 
954
333 
956
444 
444 
444 
960
555 
962
963
444 
333 
111 
967
968
111 
555 
333 
222 
666 
974
111 
333 
333 
222 
979
444 
981
982
666 
333 
666 
986
987
988
111 
111 
991
444 
222 
994
111 
996
333 
333 
999
